image_data1[] =  {228, 222, 230, 216, 204, 223, 192, 173, 210, 205, 196, 213, 193, 188, 210, 161, 156, 189, 159, 157, 191, 168, 149, 199, 177, 146, 206, 161, 155, 188, 169, 162, 195, 165, 160, 193, 194, 188, 208, 215, 201, 222, 204, 188, 219, 225, 218, 227};
image_data2[] =  {210, 199, 216, 195, 184, 206, 190, 178, 207, 195, 187, 209, 191, 181, 205, 186, 174, 199, 182, 174, 200, 180, 172, 197, 178, 168, 196, 175, 164, 189, 187, 175, 202, 184, 176, 202, 188, 180, 204, 197, 186, 210, 192, 182, 211, 207, 199, 218};
image_data3[] =  {185, 178, 197, 186, 182, 210, 195, 190, 222, 200, 190, 220, 207, 185, 216, 205, 178, 201, 209, 191, 211, 213, 199, 207, 218, 202, 209, 206, 180, 197, 201, 177, 205, 202, 189, 224, 202, 193, 228, 201, 194, 232, 195, 193, 226, 190, 188, 215};
image_data4[] =  {172, 170, 196, 194, 192, 226, 199, 191, 226, 199, 187, 218, 205, 182, 204, 197, 176, 191, 201, 188, 207, 200, 189, 204, 203, 190, 204, 200, 185, 201, 196, 175, 187, 196, 182, 206, 202, 191, 221, 203, 196, 234, 199, 196, 236, 181, 183, 217};
image_data5[] =  {172, 168, 195, 191, 185, 214, 193, 182, 206, 193, 179, 194, 217, 201, 204, 207, 191, 200, 198, 185, 203, 200, 188, 203, 198, 186, 201, 200, 188, 204, 209, 190, 197, 196, 178, 190, 197, 184, 200, 197, 186, 208, 191, 186, 217, 184, 183, 212};
image_data6[] =  {181, 173, 192, 188, 175, 195, 192, 179, 195, 200, 184, 192, 228, 214, 214, 210, 193, 200, 198, 182, 198, 205, 190, 204, 201, 187, 199, 205, 191, 205, 210, 194, 202, 205, 186, 191, 195, 178, 191, 196, 182, 197, 192, 181, 199, 195, 186, 205};
image_data7[] =  {174, 165, 181, 189, 174, 192, 198, 180, 192, 226, 208, 210, 248, 236, 233, 226, 208, 209, 202, 178, 187, 204, 183, 195, 200, 177, 188, 208, 188, 201, 209, 189, 197, 229, 209, 209, 207, 183, 190, 201, 184, 195, 192, 178, 194, 196, 186, 203};
image_data8[] =  {176, 166, 183, 192, 174, 190, 201, 175, 181, 235, 218, 217, 253, 241, 238, 238, 221, 219, 207, 175, 178, 201, 168, 174, 197, 163, 169, 204, 171, 178, 209, 179, 185, 237, 219, 217, 230, 209, 209, 208, 184, 192, 188, 167, 180, 195, 184, 200};
image_data9[] =  {175, 165, 185, 199, 180, 192, 228, 205, 203, 246, 233, 229, 252, 241, 237, 248, 235, 232, 231, 208, 206, 223, 193, 190, 225, 195, 192, 231, 205, 202, 235, 214, 211, 248, 235, 231, 250, 237, 234, 227, 207, 208, 199, 178, 185, 194, 181, 197};
image_data10[] =  {182, 167, 191, 210, 197, 206, 230, 216, 213, 222, 206, 204, 225, 206, 206, 228, 212, 209, 248, 236, 232, 252, 239, 235, 253, 241, 237, 253, 241, 237, 236, 222, 219, 221, 202, 201, 220, 201, 201, 218, 203, 201, 217, 204, 205, 193, 182, 196};
image_data11[] =  {184, 165, 191, 193, 180, 191, 194, 175, 181, 205, 182, 184, 227, 205, 203, 230, 212, 209, 248, 234, 231, 254, 243, 239, 254, 243, 239, 253, 242, 238, 239, 225, 221, 232, 212, 210, 223, 200, 199, 203, 184, 182, 195, 176, 180, 188, 174, 188};
image_data12[] =  {182, 160, 188, 194, 174, 185, 234, 208, 214, 243, 213, 219, 254, 227, 223, 254, 233, 229, 254, 241, 237, 254, 242, 238, 254, 241, 237, 254, 243, 239, 254, 239, 235, 254, 230, 226, 254, 225, 220, 252, 227, 223, 215, 187, 190, 184, 167, 182};
image_data13[] =  {180, 156, 181, 193, 161, 179, 234, 203, 207, 254, 230, 226, 254, 231, 227, 254, 237, 234, 251, 239, 235, 247, 233, 230, 246, 232, 229, 248, 235, 232, 254, 241, 237, 254, 234, 230, 254, 231, 226, 245, 223, 221, 198, 157, 170, 180, 162, 179};
image_data14[] =  {170, 153, 174, 195, 155, 184, 233, 189, 207, 252, 239, 235, 254, 241, 237, 254, 242, 238, 226, 195, 197, 214, 160, 168, 218, 163, 170, 212, 169, 175, 247, 233, 230, 254, 242, 238, 254, 241, 238, 235, 210, 216, 194, 140, 170, 184, 167, 186};
image_data15[] =  {146, 141, 163, 192, 154, 181, 226, 165, 192, 239, 215, 219, 253, 242, 238, 254, 243, 239, 244, 208, 208, 242, 171, 175, 244, 171, 176, 241, 189, 192, 251, 237, 234, 254, 243, 239, 246, 231, 230, 217, 176, 192, 197, 144, 172, 187, 175, 191};
image_data16[] =  {133, 131, 155, 181, 149, 175, 224, 157, 186, 215, 163, 184, 232, 209, 213, 252, 241, 237, 253, 238, 234, 251, 216, 214, 251, 211, 210, 252, 231, 228, 254, 243, 239, 243, 227, 227, 213, 176, 190, 204, 148, 174, 182, 138, 164, 149, 142, 163};